13
4.78190403211822E-64	4.1998370393132834E-19	2.3951683327496015E-35	0.2457908684218241	6.697211283886484E-168	5.872857226097634E-5	0.4519307556922651	6.2087816599188466E-176	0.04672897044542762	0.25549067684816584	1.835749647704547E-16	6.461074653689391E-34	2.0056752749217717E-11
1.5369189131425682E-67	8.599554393449646E-14	7.729584352613322E-37	1.2956440827109345E-4	2.188783419044533E-22	2.127650772460797E-13	2.331980315141147E-13	0.43101976044301643	0.5688506751481802	1.1718033440742646E-23	9.186592064046895E-22	2.8053186739843245E-28	1.2333388573793485E-16
4.547140836519996E-104	1.0057041811002192E-47	1.448757298733197E-76	2.6987199704285148E-42	2.1555450564541522E-33	1.7147819148332527E-53	8.352286187446217E-56	1.0	3.7833579600067397E-41	5.041851523827239E-62	2.2250897728798564E-33	2.277331165530556E-34	9.429932180358314E-49
3.551902553855763E-64	8.0049029227975E-9	1.7138485076115993E-11	0.9273237421129151	6.976542105993059E-131	0.04538406131734602	1.152190526501421E-4	0.015573837290552171	6.1417108040083E-26	0.011420675246172183	9.74608338976034E-29	8.619121872295734E-34	1.8245695832309701E-4
7.04169713285384E-229	1.5459160807583575E-50	1.0	3.36228791178598E-163	0.0	1.0205051452733947E-137	3.0926925942727107E-171	2.4915480929140944E-217	1.7343464688717001E-239	2.1816620866928114E-170	1.9820193419320535E-242	6.9864166494742845E-118	7.696970600528785E-148
3.5000729794725833E-65	7.325982691019425E-11	1.9882667425549075E-4	0.0014124969657533547	1.3238476394634488E-137	0.9968597041799825	3.806441669737648E-4	0.0011061187979072057	2.1340058270404564E-28	4.161097060561749E-5	6.744872405502421E-20	6.0473252592913725E-49	5.98171262941102E-7
2.3537842393367033E-67	0.3209188686195509	0.15663690459973584	0.01734230564237022	4.358883848897724E-95	0.009540053434744384	1.0372565968647645E-8	0.12281876999590484	3.435628352167663E-9	1.6062561007793774E-7	1.6348214189439147E-13	1.4568099270967146E-17	0.3727429232737269
0.9803928682416407	1.1237266638828488E-78	3.267032212802898E-154	4.4911704874714516E-5	2.1733583687562574E-157	0.019562201224151074	1.8829333475738195E-8	1.7837969492231279E-168	2.736399868031941E-89	2.9569538609663815E-20	2.306939041514304E-118	1.4062890743187207E-170	2.8863369646061027E-33
1.1980936414028955E-63	8.869121442792418E-75	2.296135329120919E-81	0.1168819636194828	0.8831180363631956	7.186881822342926E-14	9.873397860885125E-19	2.08852402239378E-33	7.213134661272522E-65	2.9625457004820747E-25	1.021687506472328E-11	7.033866610177465E-12	3.3642438009924804E-32
7.13153173675963E-69	0.8535113199384965	7.339386962843157E-15	1.4509089924807816E-4	4.284076660310943E-89	1.5429773755256264E-6	0.14624785823796266	1.419900985544499E-7	1.935891483325513E-6	1.171704503252752E-13	7.860554941576986E-24	2.6879938778173857E-29	9.211006520904262E-5
8.035015240153097E-164	1.2432579753967685E-76	6.792036613920664E-95	2.1120643925274557E-100	7.613674892884856E-8	9.02692207246167E-113	5.302092786146866E-113	2.925774294980345E-12	6.649611593921565E-58	5.127218402286811E-113	0.42682731933654855	0.5731726045237765	9.46804355327614E-108
1.10790125112427E-179	9.34065758702932E-71	8.026238994981401E-110	4.260464039905355E-111	1.8240618216093504E-27	8.434777467592791E-108	2.4761876849038894E-101	0.5140028375948228	2.4184612335346615E-59	1.1022647060432845E-104	0.21890298092604643	0.2670941814791307	8.919537064260304E-83
3.15382888846765E-65	9.615242027020086E-9	4.123857503611547E-27	0.9367940115936586	2.49444386603037E-76	2.691544308689191E-10	2.9673353762803247E-10	0.00511212163917066	0.05809385656348481	1.7970652778813857E-17	1.7486526720949413E-21	1.653669934961445E-37	2.255546975314541E-11
1.37860709891418E-117	1.7957690217093794E-216	6.644735203549764E-209	1.2669058729015852E-167	4.830265540346973E-29	5.5615857206968895E-133	6.847535243747921E-7	4.485036345920842E-92	8.46431773702121E-98	3.783608867339759E-223	0.9684678053062667	1.3123288220295094E-165	0.03153150994020419
5.413467705720017E-60	3.7373646982766576E-8	1.504333879387678E-7	2.948611512210671E-108	0.8900221737714782	6.892149870343615E-148	1.956039348303569E-12	0.10997763841953162	1.669616199962998E-22	2.2736547453747893E-129	2.679291009687727E-50	1.300019168801975E-23	0.0
4.51185474585002E-50	0.991844660701181	3.6708246455309933E-13	1.4701385736647247E-121	3.983656039462862E-7	6.633300315952664E-207	4.39901233982966E-25	0.008154940932844728	3.2222496622528285E-15	2.048856194884452E-172	7.339562317352284E-161	1.250614465569989E-27	0.0
6.618595830161389E-29	4.4172501547632665E-27	7.739866620319357E-9	5.2679003934578064E-58	0.0032386800440171106	3.0482819203622377E-237	0.9967613122161175	1.6980653932643314E-16	6.491660198334734E-74	7.12722586721128E-74	6.1440878769596844E-33	4.724650169792431E-19	2.429063996674398E-51
1.943602538797096E-202	1.1239077300821432E-92	1.7857163685730996E-92	0.9999999999999984	6.3040804331793825E-58	1.7435933207173816E-298	2.8182336106477855E-32	3.5480525619235023E-90	3.422385764157233E-210	1.5562532793016036E-190	2.881419583632744E-173	5.132837220396557E-54	8.925744741723516E-280
0.18133141983153633	1.3275129748334647E-17	0.3397861782885387	7.685725761682099E-105	0.10998520455498538	4.558473897300778E-227	0.36889719732493914	4.9549480005004346E-21	1.5339135891573752E-111	6.423135103205055E-89	1.985443223357514E-35	4.1296065167731223E-19	2.355173207789349E-22
1.0794423740398324E-33	3.061257714571832E-28	8.227619660668889E-25	2.9263303836282765E-30	0.012353201402605601	3.772050780830645E-101	0.9876467985973898	6.0474427588321764E-15	9.672228226076818E-35	3.5868582204954764E-111	1.267795913709274E-33	3.796098064339312E-38	2.5404500264724874E-81
2.3708979757242737E-28	1.8837078677527687E-31	4.062668485978499E-21	4.733704364102402E-64	4.5948545603160465E-29	0.0	1.0263686166607348E-26	4.96113128661168E-25	1.2508784920165208E-244	0.06161137440758294	8.800715697894944E-56	0.9383886255924211	0.0
1.0402172750864589E-44	1.0731487541100474E-55	4.5603398118263725E-42	1.2464684914353164E-54	1.723038077299628E-24	3.681077616034394E-71	1.632568501468325E-12	0.9999999999983687	5.8766864797138535E-71	1.2240241865756618E-47	1.3701967938814855E-27	1.92113227828597E-23	0.0
3.360775423785065E-30	5.147799741728801E-28	1.3328320730869357E-11	1.143239216887396E-74	0.9815777231668191	2.250340385231331E-138	0.018422276819829313	2.124482776308378E-14	1.6136903859450796E-57	3.3930434393553323E-131	2.533288787556573E-30	3.4625089548324083E-25	1.1833272856692051E-129
0.02809800790051244	7.519496373313262E-80	3.119986460963805E-95	4.522853245088935E-89	2.430455253986477E-50	0.0702450084695769	5.425892739240865E-24	0.7861534592538636	0.11550352437604727	5.744751024191176E-175	1.0024485094814754E-132	6.273115305273098E-95	0.0
8.511793266328719E-14	9.675846200390442E-17	1.737768790379983E-84	1.614805755614941E-83	1.5249749607496143E-13	1.0319143572569368E-8	3.883606996276175E-33	5.404163364475473E-4	0.9994595733441721	1.6424864549310763E-194	2.6192626019156697E-141	1.4823563068379123E-86	0.0
1.1359552590367738E-44	5.290147743902155E-18	4.619922216245554E-4	3.504862035912242E-96	0.9992318206141431	3.54301740418483E-147	3.061870706718667E-4	9.355973037153268E-11	3.674364254396092E-43	7.189248453920792E-115	3.9437474469055074E-16	4.5956247159651954E-21	1.5694733013715852E-155
0.165413585669863	0.07443551417987364	0.08270683304505314	0.059117026103091073	0.007518796992481206	1.5052907066063814E-16	0.06002103413857213	0.10526315789473688	0.07518792918720987	0.06895140696633704	0.1786687481700571	0.12208317226643271	6.327953862921748E-4
